# timestamp format v2
0
0
0
6980
9360
11960
15450
30590
35100
38050
42750
45750
50190
54200
99990
100030
100070
100070
100070
100070
100070
100070
100070
100070
100070
100070
100070
100070
100070
100070
100070
100160
100160
100160
100160
100160
100160
100160
100160
100160
100160
100160
100160
100160
100160
100160
100200
100200
100200
100200
100200
100200
100200
100200
100200
100200
100200
100200
100200
100200
100200
100240
100240
100240
100240
100240
100240
100240
100240
100240
100240
100240
100240
100240
100240
100240
100280
100280
100280
100280
100280
100280
100280
100280
100280
100280
100280
100280
100280
100280
100280
100330
100330
100330
100330
100330
100330
100330
100330
100330
100330
100330
100330
100330
100330
100330
100410
100410
100410
100410
100410
100410
100410
100410
100410
100410
100410
100410
100410
100410
100410
100450
100450
100450
100450
100450
100450
100450
100450
100490
100490
100490
100490
100490
100490
100490
100490
100490
100490
100490
100490
100490
100490
100490
100530
100530
100530
100530
100530
100530
100530
100530
100530
100530
100530
100530
100530
100530
100530
100580
100580
100580
100580
100580
100580
100580
100580
100580
100580
100580
100580
100580
100580
100580
100620
100620
100620
100620
100620
100620
100620
100620
100620
100620
100620
100620
100620
100620
100620
100700
100700
100700
100700
100700
100700
100700
100700
100740
100740
100740
100740
100740
100740
100740
100740
100740
100740
100740
100740
100740
100740
100740
100780
100780
100780
100780
100780
100780
100780
100780
100780
100780
100780
100780
100780
100780
100780
100830
100830
100830
100830
100830
100830
100830
100830
100870
100870
100870
100870
100870
100870
100870
100870
100870
100870
100870
100870
100870
100870
100870
100950
100950
100950
100950
100950
100950
100950
100950
100950
100950
100950
100950
100950
100950
100950
100950
100950
100990
100990
100990
100990
100990
100990
100990
100990
100990
100990
100990
100990
100990
100990
100990
100990
100990
101030
101030
101030
101030
101030
101030
101030
101030
101030
101030
101030
101030
101030
101030
101030
101030
101030
101030
101030
101030
101030
101030
101080
101080
101080
101080
101080
101080
101080
101080
101080
101080
101080
101080
101080
101080
101080
101120
101620
101870
102120
102330
102950
103240
103450
103660
103910
104120
104330
104620
104830
105040
105660
106000
106210
106370
106620
106830
107080
108830
108880
108920
108920
108920
108920
108920
108920
108920
108920
108920
108920
108920
108920
108920
108920
108920
108960
108960
108960
108960
108960
108960
108960
108960
109040
109040
109040
109040
109040
109040
109040
109040
109040
109040
109040
109040
109040
109040
109040
109080
109080
109080
109080
109080
109080
109080
109080
109080
109080
109080
109080
109080
109080
109080
109130
109130
109130
109130
109130
109130
109130
109130
109130
109130
109130
109130
109130
109130
109130
109170
109170
109170
109170
109170
109170
109170
109170
109170
109170
109170
109170
109170
109170
109170
109170
109170
109170
109170
109170
109170
109170
109210
109210
109210
109210
109210
109210
109210
109210
109210
109210
109210
109210
109210
109210
109210
109290
109290
109290
109290
109290
109290
109290
109290
109290
109290
109290
109290
109290
109290
109290
109330
109330
109330
109330
109330
109330
109330
109330
109330
109330
109330
109330
109330
109330
109330
109380
109380
109380
109380
109380
109380
109380
109380
109380
109380
109380
109380
109380
109380
109380
109420
109420
109420
109420
109420
109420
109420
109420
109420
109420
109420
109420
109420
109420
109420
109460
109460
109460
109460
109460
109460
109460
109460
109500
109540
109540
109540
109540
109540
109540
109540
109540
109540
109540
109540
109540
109540
109540
109540
109580
109580
109580
109580
109580
109580
109580
109580
109630
109630
109630
109630
109630
109630
109630
109630
109630
109630
109630
109630
109630
109630
109630
109670
109670
109670
109670
109670
109670
109670
109670
109670
109670
109670
109670
109670
109670
109670
109790
109790
109830
110170
110500
110840
111130
111500
111670
112210
112500
112670
113210
113380
113500
113710
113920
114210
114420
114760
114800
114800
114800
114800
114800
114800
114800
114800
114800
114800
114800
114800
114800
114800
114800
114840
114840
114840
114840
114840
114840
114840
114840
114840
114840
114840
114840
114840
114840
114840
114880
114880
114880
114880
114880
114880
114880
114880
114880
114880
114880
114880
114880
114880
114880
114960
114960
114960
114960
114960
114960
114960
114960
114960
114960
114960
114960
114960
114960
114960
115010
115010
115010
115010
115010
115010
115010
115010
115010
115010
115010
115010
115010
115010
115010
115050
115050
115050
115050
115050
115050
115050
115050
115050
115050
115050
115050
115050
115050
115050
115090
115090
115090
115090
115090
115090
115090
115090
115090
115090
115090
115090
115090
115090
115090
115130
115130
115130
115130
115130
115130
115130
115130
115130
115130
115130
115130
115130
115130
115130
115210
115210
115210
115210
115210
115210
115210
115210
115210
115210
115210
115210
115210
115210
115210
115210
115210
115210
115210
115210
115210
115210
115260
115260
115260
115260
115260
115260
115260
115260
115300
115300
115300
115300
115300
115300
115300
115300
115300
115300
115300
115300
115300
115300
115300
115340
115340
115340
115340
115340
115340
115340
115340
115340
115340
115340
115340
115340
115340
115340
115380
115380
115380
115380
115380
115380
115380
115380
115380
115380
115380
115380
115380
115380
115380
115470
115470
115470
115470
115470
115470
115470
115470
115510
115510
115510
115510
115510
115510
115510
115510
115510
115510
115510
115510
115510
115510
115510
115550
115550
115550
115550
115550
115550
115550
115550
115720
115720
115760
115920
116260
116630
116970
117130
117630
117970
118130
118680
118800
118970
119180
119340
119510
119550
119590
119590
119590
119590
119590
119590
119590
119590
119680
119680
119680
119680
119680
119680
119680
119680
119680
119680
119680
119680
119680
119680
119680
119680
119720
119720
119720
119720
119720
119720
119720
119720
119720
119720
119720
119720
119720
119720
119720
119760
119760
119760
119760
119760
119760
119760
119760
119760
119760
119760
119760
119760
119760
119760
119800
119800
119800
119800
119800
119800
119800
119800
119800
119800
119800
119800
119800
119800
119800
119840
119840
119840
119840
119840
119840
119840
119840
119840
119840
119840
119840
119840
119840
119840
119840
119930
119930
119930
119930
119930
119930
119930
119930
119930
119930
119930
119930
119930
119930
119930
119970
119970
119970
119970
119970
119970
119970
119970
120010
120010
120010
120010
120010
120010
120010
120010
120010
120010
120010
120010
120010
120010
120010
120050
120050
120050
120050
120050
120050
120050
120050
120050
120050
120050
120050
120050
120050
120050
120090
120090
120090
120090
120090
120090
120090
120090
120090
120090
120090
120090
120090
120090
120090
120180
120180
120180
120180
120180
120180
120180
120180
120180
120180
120180
120180
120180
120180
120180
120220
120220
120220
120220
120220
120220
120220
120220
120220
120220
120220
120220
120220
120220
120220
120260
120260
120260
120260
120260
120260
120260
120260
120260
120260
120260
120260
120260
120260
120260
120300
120300
120300
120300
120300
120300
120300
120300
120300
120300
120300
120300
120300
120300
120300
120350
120350
120350
120350
120350
120350
120350
120350
120350
120350
120350
120350
120350
120350
120350
120470
120470
120510
121050
121390
121760
122060
122430
122600
123100
123430
123640
124140
124310
124470
124600
124810
125060
125310
125480
125520
125560
125560
125560
125560
125560
125560
125560
125560
125560
125560
125560
125560
125560
125560
125560
125640
125640
125640
125640
125640
125640
125640
125640
125640
125640
125640
125640
125640
125640
125640
125680
125680
125680
125680
125680
125680
125680
125680
125730
125730
125730
125730
125730
125730
125730
125730
125730
125730
125730
125730
125730
125730
125730
125770
125770
125770
125770
125770
125770
125770
125770
125770
125770
125770
125770
125770
125770
125770
125810
125810
125810
125810
125810
125810
125810
125810
125810
125810
125810
125810
125810
125810
125810
125890
125930
125930
125930
125930
125930
125930
125930
125930
125930
125930
125930
125930
125930
125930
125930
125980
125980
125980
125980
125980
125980
125980
125980
126020
126020
126020
126020
126020
126020
126020
126020
126020
126020
126020
126020
126020
126020
126020
126020
126020
126020
126020
126020
126020
126020
126060
126060
126060
126060
126060
126060
126060
126060
126060
126060
126060
126060
126060
126060
126060
126140
126140
126140
126140
126140
126140
126140
126140
126180
126180
126180
126180
126180
126180
126180
126180
126180
126180
126180
126180
126180
126180
126180
126230
126430
126430
126480
126850
126980
127190
127480
127890
128060
129060
129560
129730
129900
130270
130610
130810
131980
132020
132070
132070
132070
132070
132070
132070
132070
132070
132070
132070
132070
132070
132070
132070
132070
132150
132150
132150
132150
132150
132150
132150
132150
132190
132190
132190
132190
132190
132190
132190
132190
132190
132190
132190
132190
132190
132190
132190
132230
132230
132230
132230
132230
132230
132230
132230
132230
132230
132230
132230
132230
132230
132230
132270
132270
132270
132270
132270
132270
132270
132270
132270
132270
132270
132270
132270
132270
132270
132270
132270
132270
132270
132270
132270
132270
132320
132320
132320
132320
132320
132320
132320
132320
132320
132320
132320
132320
132320
132320
132320
132360
132360
132360
132360
132360
132360
132360
132360
132360
132360
132360
132360
132360
132360
132360
132440
132440
132440
132440
132440
132440
132440
132440
132440
132440
132440
132440
132440
132440
132440
132480
132480
132480
132480
132480
132480
132480
132480
132480
132480
132480
132480
132480
132480
132480
132480
132520
132940
132940
132980
132980
134030
134230
134690
134780
134820
134820
134860
134860
134860
134860
134860
134860
134860
134860
134860
134860
134860
134860
134860
134860
134860
134900
134900
134900
134900
134900
134900
134900
134900
134900
134900
134900
134900
134900
134900
134900
134980
134980
134980
134980
134980
134980
134980
134980
134980
134980
134980
134980
134980
134980
134980
134980
135030
135030
135030
135030
135030
135030
135030
135030
135030
135030
135030
135030
135030
135030
135030
135070
135070
135070
135070
135070
135070
135070
135070
135070
135070
135070
135070
135070
135070
135070
135070
135070
135070
135070
135070
135070
135070
135110
135110
135110
135110
135110
135110
135110
135110
135110
135110
135110
135110
135110
135110
135110
135150
135150
135150
135150
135150
135150
135150
135150
135150
135150
135150
135150
135150
135150
135150
135230
135230
135230
135230
135230
135230
135230
135230
135230
135230
135230
135230
135230
135230
135230
135230
135230
135230
135230
135230
135230
135230
135360
135740
135740
135740
136030
136240
136360
136650
136900
137070
137360
137450
137490
137530
137530
137530
137530
137530
137530
137530
137530
137530
137530
137530
137530
137530
137530
137530
137570
137570
137570
137570
137570
137570
137570
137570
137570
137570
137570
137570
137570
137570
137570
137650
137650
137650
137650
137650
137650
137650
137650
137650
137650
137650
137650
137650
137650
137650
137700
137700
137700
137700
137700
137700
137700
137700
137740
137740
137740
137740
137740
137740
137740
137740
137740
137740
137780
137780
137780
137780
137780
137780
137780
137780
137780
137780
137780
137780
137780
137780
137780
137780
137780
137780
137780
137780
137780
137780
137820
137820
137820
137820
137820
137820
137820
137820
137820
137820
137820
137820
137820
137820
137820
137900
137900
137900
137900
137900
137900
137900
137900
137900
137900
137900
137900
137900
137900
137900
137950
137950
137950
137950
137950
137950
137950
137950
137950
137950
137950
137950
137950
137950
137950
137990
138070
138400
138400
138400
138400
138450
139450
139660
140160
140200
140280
140320
140320
140320
140320
140320
140320
140320
140320
140320
140320
140320
140320
140320
140320
140320
140320
140320
140320
140320
140320
140320
140320
140320
140370
140370
140370
140370
140370
140370
140370
140370
140370
140370
140370
140370
140370
140370
140370
140410
140410
140410
140410
140410
140410
140410
140410
140410
140410
140410
140410
140410
140410
140410
140450
140450
140450
140450
140450
140450
140450
140450
140450
140450
140450
140450
140450
140450
140450
140490
140530
140530
140530
140530
140530
140530
140530
140530
140570
140570
140570
140570
140570
140570
140570
140570
140570
140570
140570
140570
140570
140570
140570
140620
140620
140620
140620
140620
140620
140620
140620
140620
140620
140620
140620
140620
140620
140620
140660
140660
140660
140660
140660
140660
140660
140660
140660
140660
140660
140660
140660
140660
140660
140660
140660
140660
140660
140660
140660
140660
140820
141160
141160
141160
141490
141700
141870
142030
142330
142530
142870
142870
142910
142950
142950
142950
142950
142950
142950
142950
142950
142950
142950
142950
142950
142950
142950
142950
143030
143030
143030
143030
143030
143030
143030
143030
143030
143030
143030
143030
143030
143030
143030
143030
143080
143080
143080
143080
143080
143080
143080
143080
143120
143120
143120
143120
143120
143120
143120
143120
143120
143120
143120
143120
143120
143120
143120
143160
143160
143160
143160
143160
143160
143160
143160
143160
143160
143160
143160
143160
143160
143160
143200
143200
143200
143200
143200
143200
143200
143200
143240
143280
143280
143280
143280
143280
143280
143280
143280
143280
143280
143280
143280
143280
143280
143280
143280
143280
143280
143280
143280
143280
143280
143330
143330
143330
143330
143330
143330
143330
143330
143330
143330
143330
143330
143330
143330
143330
143370
143370
143370
143370
143370
143370
143370
143370
143370
143370
143370
143370
143370
143370
143370
143580
143830
143830
143870
143870
143870
144910
145200
145580
145910
146200
146250
146250
146290
146290
146290
146290
146290
146290
146290
146290
146290
146290
146290
146290
146290
146290
146290
146290
146290
146290
146290
146290
146290
146290
146290
146330
146330
146330
146330
146330
146330
146330
146330
146330
146330
146330
146330
146330
146330
146330
146410
146410
146410
146410
146410
146410
146410
146410
146450
146450
146450
146450
146450
146450
146450
146450
146450
146450
146450
146450
146450
146450
146450
146500
146500
146500
146500
146500
146500
146500
146500
146500
146500
146500
146500
146500
146500
146500
146500
146500
146500
146500
146500
146500
146500
146580
146950
147120
147160
147160
147250
147460
147500
147540
147540
147540
147540
147540
147540
147540
147540
147540
147540
147540
147540
147540
147540
147540
147580
147580
147580
147580
147580
147580
147580
147580
147580
147580
147580
147580
147580
147580
147580
147580
147580
147580
147580
147580
147580
147580
147580
147660
147660
147660
147660
147660
147660
147660
147660
147660
147660
147660
147660
147660
147660
147660
147710
147710
147710
147710
147710
147710
147710
147710
147710
147710
147710
147710
147710
147710
147710
147750
147750
147750
147750
147750
147750
147750
147750
147750
147750
147750
147750
147750
147750
147750
147790
147790
147790
147790
147790
147790
147790
147790
147790
147830
147830
147830
147830
147830
147830
147830
147830
147830
147830
147830
147830
147830
147830
147830
147910
147910
147910
147910
147910
147910
147910
147910
147910
147910
147910
147910
147910
147910
147910
147960
148000
148000
148000
148000
148000
148000
148000
148000
148000
148000
148000
148000
148000
148000
148000
148000
148040
148040
148040
148040
148040
148040
148040
148040
148040
148040
148040
148040
148040
148040
148040
148080
148080
148080
148080
148080
148080
148080
148080
148080
148080
148080
148080
148080
148080
148080
148160
148160
148160
148160
148160
148160
148160
148160
148160
148160
148160
148160
148160
148160
148160
148210
148210
148210
148210
148210
148210
148210
148210
148250
148250
148250
148250
148250
148250
148250
148250
148250
148250
148250
148250
148250
148250
148250
148290
148330
148370
148410
148410
148670
148830
149000
149330
149710
149870
150210
150540
151040
151380
151580
151710
152090
152420
152590
153420
153460
153500
153500
153500
153500
153500
153500
153500
153500
153500
153500
153500
153500
153500
153500
153500
153590
153590
153590
153590
153590
153590
153590
153590
153590
153590
153590
153590
153590
153590
153590
153630
153630
153630
153630
153630
153630
153630
153630
153630
153630
153630
153630
153630
153630
153630
153670
153670
153670
153670
153670
153670
153670
153670
153670
153670
153670
153670
153670
153670
153670
153710
153710
153710
153710
153710
153710
153710
153710
153710
153710
153710
153710
153710
153710
153710
153750
153750
153750
153750
153750
153750
153750
153750
153750
153750
153750
153750
153750
153750
153750
153840
153840
153840
153840
153840
153840
153840
153840
153840
153840
153840
153840
153840
153840
153840
153880
153880
153880
153880
153880
153880
153880
153880
153880
153880
153880
153880
153880
153880
153880
153920
153920
153920
153920
153920
153920
153920
153920
153920
153920
153920
153920
153920
153920
153920
153960
153960
153960
153960
153960
153960
153960
153960
153960
153960
153960
153960
153960
153960
153960
154000
154000
154000
154000
154000
154000
154000
154000
154000
154000
154000
154000
154000
154000
154000
154250
154380
154380
154420
154800
155090
155340
155510
156090
156510
156840
157170
157510
158550
158720
159300
159340
159340
159340
159340
159340
159340
159340
159340
159340
159340
159340
159340
159340
159340
159340
159380
159380
159380
159380
159380
159380
159380
159380
159380
159380
159380
159380
159380
159380
159380
159470
159470
159470
159470
159470
159470
159470
159470
159470
159470
159470
159470
159470
159470
159470
159470
159470
159470
159470
159470
159470
159470
159510
159510
159510
159510
159510
159510
159510
159510
159510
159510
159510
159510
159510
159510
159510
159550
159550
159550
159550
159550
159550
159550
159550
159550
159550
159550
159550
159550
159550
159550
159590
159590
159590
159590
159590
159590
159590
159590
159590
159590
159590
159590
159590
159590
159590
159630
159630
159630
159630
159630
159630
159630
159630
159630
159630
159630
159630
159630
159630
159630
159720
159720
159720
159720
159720
159720
159720
159720
159720
159720
159720
159720
159720
159720
159720
159760
159760
159760
159760
159760
159760
159760
159760
159760
159760
159760
159760
159760
159760
159760
159800
159800
159800
159800
159800
159800
159800
159800
159840
159840
159840
159840
159840
159840
159840
159840
159840
159840
159840
159840
159840
159840
159840
160260
160260
160300
160550
160760
160970
161640
161970
162260
162640
163010
164010
164180
164390
164430
164470
164470
164470
164470
164470
164470
164470
164470
164470
164470
164470
164470
164470
164470
164470
164560
164560
164560
164560
164560
164560
164560
164560
164560
164560
164560
164560
164560
164560
164560
164600
164600
164600
164600
164600
164600
164600
164600
164600
164600
164600
164600
164600
164600
164600
164640
164640
164640
164640
164640
164640
164640
164640
164640
164640
164640
164640
164640
164640
164640
164680
164680
164680
164680
164680
164680
164680
164680
164680
164680
164680
164680
164680
164680
164680
164720
164720
164720
164720
164720
164720
164720
164720
164720
164720
164720
164720
164720
164720
164720
164810
164810
164810
164810
164810
164810
164810
164810
164810
164810
164810
164810
164810
164810
164810
164850
164850
164850
164850
164850
164850
164850
164850
164890
164890
164890
164890
164890
164890
164890
164890
164890
164890
164890
164890
164890
164890
164890
164930
164930
164930
164930
164930
164930
164930
164930
164930
164930
164930
164930
164930
164930
164930
164970
164970
164970
164970
164970
164970
164970
164970
164970
164970
164970
164970
164970
164970
164970
164970
164970
164970
164970
164970
164970
164970
165060
165060
165060
165060
165060
165060
165060
165060
165060
165060
165060
165060
165060
165060
165060
165100
165100
165100
165100
165100
165100
165100
165100
165100
165100
165100
165100
165100
165100
165100
165350
165350
165390
165680
166390
166640
166850
167060
167350
167560
167770
167980
168270
168430
168940
169440
169560
169600
169600
169600
169600
169600
169600
169600
169600
169600
169600
169600
169600
169600
169600
169600
169640
169640
169640
169640
169640
169640
169640
169640
169640
169640
169640
169640
169640
169640
169640
169730
169730
169730
169730
169730
169730
169730
169730
169730
169730
169730
169730
169730
169730
169730
169770
169770
169770
169770
169770
169770
169770
169770
169770
169770
169770
169770
169770
169770
169770
169810
169810
169810
169810
169810
169810
169810
169810
169810
169810
169810
169810
169810
169810
169810
169850
169850
169850
169850
169850
169850
169850
169850
169850
169850
169850
169850
169850
169850
169850
169890
169980
169980
169980
169980
169980
169980
169980
169980
169980
169980
169980
169980
169980
169980
169980
170020
170020
170020
170020
170020
170020
170020
170020
170020
170020
170020
170020
170020
170020
170020
170060
170060
170060
170060
170060
170060
170060
170060
170060
170060
170060
170060
170060
170060
170060
170100
170100
170100
170100
170100
170100
170100
170100
170100
170100
170100
170100
170100
170100
170100
170140
170140
170140
170140
170140
170140
170140
170140
170140
170140
170140
170140
170140
170140
170140
170230
170230
170230
170230
170230
170230
170230
170230
170230
170230
170230
170230
170230
170230
170230
170270
170520
170520
170560
170650
170810
171190
171520
171730
172860
173190
173360
173560
173900
174230
174400
174440
174480
174520
174520
174520
174520
174520
174520
174520
174520
174520
174520
174520
174520
174520
174520
174520
174520
174520
174520
174520
174520
174520
174520
174520
174610
174610
174610
174610
174610
174610
174610
174610
174610
174610
174610
174610
174610
174610
174610
174650
174650
174650
174650
174650
174650
174650
174650
174650
174650
174650
174650
174650
174650
174650
174650
174650
174650
174650
174650
174650
174650
175400
175400
175400
175440
175480
175530
175530
175530
175530
175530
175530
175530
175530
175530
175530
175530
175530
175530
175530
175530
175570
175570
175570
175570
175570
175570
175570
175570
175650
175650
175650
175650
175650
175650
175650
175650
175650
175650
175650
175650
175650
175650
175650
175690
175690
175690
175690
175690
175690
175690
175690
175690
175690
175690
175690
175690
175690
175690
175730
175780
175780
175780
175780
175780
175780
175780
175780
175780
175780
175780
175780
175780
175780
175780
175820
175820
175820
175820
175820
175820
175820
175820
175820
175820
175820
175820
175820
175820
175820
175900
175900
175900
175900
175900
175900
175900
175900
175900
175900
175900
175900
175900
175900
175900
175940
175940
175940
175940
175940
175940
175940
175940
175940
175940
175940
175940
175940
175940
175940
175980
175980
175980
175980
175980
175980
175980
175980
175980
175980
175980
175980
175980
175980
175980
175980
175980
175980
175980
175980
175980
175980
175980
176030
176030
176030
176030
176030
176030
176030
176030
176030
176030
176030
176030
176030
176030
176030
176070
176070
176070
176070
176070
176070
176070
176070
176070
176070
176070
176070
176070
176070
176070
176150
176150
176150
176150
176150
176150
176150
176150
176150
176150
176150
176150
176150
176150
176150
176190
176190
176190
176190
176190
176190
176190
176190
176190
176190
176190
176190
176190
176190
176190
176230
176230
176230
176230
176230
176230
176230
176230
176230
176230
176230
176230
176230
176230
176230
176280
176400
176400
176440
176480
176530
176860
177150
177320
177690
177990
178240
178530
178700
178900
179150
179320
179320
179360
179400
179400
179400
179400
179400
179400
179400
179400
179400
179400
179400
179400
179400
179400
179400
179490
179490
179490
179490
179490
179490
179490
179490
179530
179530
179530
179530
179530
179530
179530
179530
179530
179530
179530
179530
179530
179530
179530
179570
179570
179570
179570
179570
179570
179570
179570
179570
179570
179570
179570
179570
179570
179570
179570
179610
179610
179610
179610
179610
179610
179610
179610
179610
179610
179610
179610
179610
179610
179610
179610
179610
179610
179610
179610
179610
179610
179650
179650
179650
179650
179650
179650
179650
179650
179650
179650
179650
179650
179650
179650
179650
179740
179740
179740
179740
179740
179740
179740
179740
179740
179740
179740
179740
179740
179740
179740
179780
179860
180030
180280
180280
180740
180990
181200
181410
181660
181910
182070
182700
182740
182780
182780
182780
182780
182780
182780
182780
182780
182780
182780
182780
182780
182780
182780
182780
182780
182780
182780
182780
182780
182780
182780
182780
182780
182780
182780
182780
182780
182780
182780
182780
182870
183620
183660
183660
183700
184120
187660
190960
191080
191080
191120
191120
191170
191170
191210
191210
191210
191210
191250
191250
191250
191250
191290
191290
191290
191290
191330
191330
191330
191330
191330
191330
191370
191370
191370
191370
191370
191370
191420
191420
191420
191420
191420
191420
191460
191460
191460
191460
191460
191460
191460
191460
191500
191500
191500
191500
191500
191500
191500
191500
191540
191540
191540
191540
191540
191540
191540
191540
191580
191580
191580
191580
191580
191580
191580
191580
191580
191580
191620
191620
191620
191620
191620
191620
191620
191620
191620
191620
191670
191670
191670
191670
191670
191670
191670
191670
191670
191670
191710
191710
191710
191710
191710
191710
191710
191710
191710
191710
191710
191710
191750
191750
191750
191750
191750
191750
191750
191750
191750
191750
191750
191750
191750
191750
191790
191790
191790
191790
191790
191790
191790
191790
191790
191790
191790
191790
191830
191830
191830
191830
191830
191830
191830
191830
191830
191830
191870
191870
191870
191870
191870
191870
191870
191870
191870
191870
191920
191920
191920
191920
191920
191920
191920
191920
191920
191920
191960
191960
191960
191960
191960
191960
191960
191960
192000
192000
192000
192000
192000
192000
192000
192000
192040
192040
192040
192040
192040
192040
192040
192040
192040
192040
192080
192080
192080
192080
192080
192080
192130
192130
192130
192130
192130
192130
192170
192170
192170
192170
192170
192170
192210
192210
192210
192210
192250
192250
192250
192250
192290
192290
192290
192290
192330
192330
192330
192330
192380
192380
192420
192420
204470
211070
216560
221500
226000
228050
233810
235520
236790
238130
240450
242610
244100
245640
248250
255480
258050
260860
264070
284220
286260
288840
292760
293860
296020
298780
300530
307620
310140
311240
314490
323200
325010
329190
336030
344860
346280
352200
353620
355200
361500
364140
366610
372020
381590
383770
388840
403680
412260
414390
416670
418950
448210
471910
479960
483190
484790
486040
487550
494930
519270
524440
526290
545600
545730
545850
545980
546100
546230
546350
546480
546600
549980
552710
555490
557410
565560
567800
570040
573760
576650
578680
581010
586270
590020
595920
599870
601950
604080
608150
611250
620540
624010
625860
628420
634200
639190
641030
646240
648370
650880
653130
655130
658090
661050
663680
665330
682870
686210
691460
693830
697360
717000
720530
728970
733290
735000
738840
746550
750160
754980
796850
799360
803280
808420
812520
817540
817540
817580
817580
817620
817620
817670
817670
817710
817710
817750
817750
817790
817790
817830
817830
817880
817880
817920
817920
817960
817960
818000
818000
818040
818040
818080
818080
818130
818130
818170
818170
818210
818210
818250
818250
818290
818290
818330
818330
818380
818380
818420
818420
818460
818460
818500
818500
818540
818540
818580
818580
818630
818630
818670
818670
818710
818710
818750
818750
818790
818790
818830
818830
818880
818880
818920
818920
818960
818960
819000
819000
819040
819040
819080
819080
819130
819130
819170
819170
819210
819210
819250
819250
819290
819290
819340
819340
819380
819380
819420
819420
819460
819460
819500
819500
819540
819540
819590
819590
819630
819630
819670
819670
819710
819710
819750
819750
819790
819790
819840
819840
819880
819880
819920
819920
819960
819960
820000
820000
842770
848570
862960
863050
863130
863210
863300
863380
864590
864630
864670
864710
864760
864800
864840
864880
864920
872470
874430
877640
880930
884650
887010
888120
891030
892360
894320
898130
899340
900940
902460
903680
906410
910240
913180
924190
935480
936900
938780
981050
982810
984580
987210
1006880
1009530
1012530
1014320
1016780
1018490
1020200
1022410
1041680
1055070
1055650
1056920
1102310
1103690
1105620
1145290
1155380
1160770
1182100
1184540
1186660
1189170
1192590
1194240
1199200
1210180
1211770
1216530
1218440
1223310
1225450
1228660
1232510
1235110
1240880
1246680
1261690
1265450
1265450
1268620
1269000
1271540
1272610
1273180
1275920
1278760
1281240
1284460
1290340
1293000
1296920
1302850
1307720
1311600
1317880
1321050
1323640
1328220
1328220
1328220
1328220
1328220
1328220
1328220
1328220
1328220
1328220
1328220
1328220
1328220
1328220
1328220
1328220
1328220
1328220
1328220
1328220
1328220
1328220
1328220
1328220
1328220
1328220
1328220
1328220
1328220
1328220
1328220
1328220
1328220
1328220
1328220
1328220
1328220
1328220
1328220
1328220
1328220
1328220
1328220
1328220
1328220
1328220
1328220
1328220
1328220
1328220
1328220
1328220
1328220
1328220
1328220
1328220
1328220
1328220
1328220
1328220
1328220
1328220
1328220
1328220
1328220
1328220
1328220
1328220
1328220
1328220
1328220
1328220
1328220
1328220
1328220
1328220
1328220
1328220
1328220
1328220
1328220
1328220
1328220
1328220
1328220
1328220
1328220
1328220
1328220
1328220
1328220
1328220
1328220
1328220
1328220
1328220
1328220
1328220
1328220
1328220
1328220
1328220
1328220
1328220
1328220
1328220
1328220
1328220
1328220
1328220
1328220
1328220
1328220
1328220
1328220
1328220
1328220
1328220
1328220
1328220
1328220
1328220
1328220
1328220
1328220
1328220
1328220
1328220
1328220
1328220
1328220
1328220
1328220
1328220
1328220
1328220
1328220
1328220
1328220
1328220
1328220
1328220
1328220
1328220
1328220
1328220
1328220
1328220
1328220
1328220
1328220
1328220
1328220
1328220
1328220
1328220
1328220
1328220
1328220
1328220
1328220
1328220
1328220
1328220
1328220
1328220
1328220
1328220
1328220
1328220
1328220
1328220
1328220
1328220
1328220
1328220
1328220
1328220
1328220
1328220
1328220
1328220
1328220
1328220
1328220
1328220
1328220
1328220
1328220
1328220
1328220
1328220
1328220
1328220
1328220
1328220
1328220
1328220
1328220
1328220
1328220
1328220
1328220
1328220
1328220
1328220
1328220
1328220
1328220
1328220
1328220
1328220
1328220
1328220
1328220
1328220
1328220
1328220
1328220
1328220
1328220
1328220
1328220
1328220
1328220
1328220
1328220
1328220
1328220
1328220
1330480
1330800
1330800
1330800
1330800
1330800
1330850
1330850
1330850
1330850
1330890
1330890
1330890
1330890
1330930
1330930
1330930
1330930
1330970
1330970
1330970
1330970
1331010
1331010
1331010
1331010
1331050
1331050
1331050
1331050
1331100
1331100
1331100
1331100
1331140
1331140
1331140
1331140
1331180
1331180
1331180
1331180
1331220
1331220
1331220
1331220
1331260
1331260
1331260
1331260
1331300
1331300
1331300
1331300
1331350
1331350
1331350
1331350
1331390
1331390
1331390
1331390
1331430
1331430
1331430
1331430
1331470
1331470
1331470
1331470
1331510
1331510
1331510
1331510
1331560
1331560
1331560
1331560
1331600
1331600
1331600
1331600
1331640
1331640
1331640
1331640
1331680
1331680
1331680
1331680
1331720
1331720
1331720
1331720
1331760
1331760
1331760
1331760
1331810
1331810
1331810
1331810
1331850
1331850
1331850
1331850
1331890
1331890
1331890
1331890
1331930
1331930
1331930
1331930
1331970
1331970
1331970
1331970
1332010
1332010
1332010
1332010
1332060
1332060
1332060
1332060
1332100
1332100
1332100
1332100
1332140
1332140
1332140
1332140
1332180
1332180
1332180
1332180
1332220
1332220
1332220
1332220
1332260
1332260
1332260
1332260
1332310
1332310
1332310
1332310
1332350
1332350
1332350
1332350
1332390
1332390
1332390
1332390
1332430
1332430
1332430
1332430
1332470
1332470
1332470
1332470
1332510
1332510
1332510
1332510
1332560
1332560
1332560
1332560
1332600
1332600
1332600
1332600
1332640
1332640
1332640
1332640
1332680
1332680
1332680
1332680
1332720
1332720
1332720
1332720
1332760
1332760
1332760
1332760
1332810
1332810
1332810
1332810
1332850
1332850
1332850
1332850
1332890
1332890
1332890
1332890
1332930
1332930
1332930
1332930
1332970
1332970
1332970
1332970
1333010
1333010
1333010
1333010
1333060
1333060
1333060
1333060
1333100
1333100
1333100
1333100
1333140
1333140
1333140
1333140
1333180
1333180
1333180
1333180
1333180
1333220
1333220
1333220
1333220
1333270
1333270
1333270
1333270
1333310
1333310
1333310
1333310
1333350
1333350
1333350
1333350
1333390
1333390
1333390
1333390
1333430
1333430
1333430
1333430
1333470
1333470
1333470
1333470
1333520
1333520
1333520
1333520
1333560
1333560
1333560
1333560
1333600
1333600
1333600
1333600
1333640
1333640
1333640
1333640
1333680
1333680
1333680
1333680
1333720
1333720
1333720
1333720
1333770
1333770
1333770
1333770
1333810
1333810
1333810
1333810
1333850
1333850
1333850
1333850
1333890
1333890
1333890
1333890
1333930
1333930
1333930
1333930
1333970
1333970
1333970
1333970
1334020
1334020
1334020
1334020
1334060
1334060
1334060
1334060
1334100
1334100
1334100
1334100
1334140
1334140
1334140
1334140
1334180
1334180
1334180
1334180
1334220
1334220
1334220
1334220
1334270
1334270
1334270
1334270
1334310
1334310
1334310
1334310
1334350
1334350
1334350
1334350
1334380
1334390
1334390
1334390
1334390
1334430
1334430
1334430
1334430
1334470
1334470
1334470
1334470
1334520
1334520
1334520
1334520
1334560
1334560
1334560
1334560
1334600
1334600
1334600
1334600
1334640
1334640
1334640
1334640
1334680
1334680
1334680
1334680
1336630
1338730
1342170
1344140
1346740
1349830
1354740
1358960
1358960
1358960
1358960
1358960
1358960
1358960
1358960
1358960
1358960
1358960
1358960
1358960
1358960
1358960
1358960
1358960
1358960
1358960
1358960
1358960
1358960
1358960
1358960
1358960
1358960
1358960
1358960
1358960
1358960
1358960
1358960
1358960
1358960
1358960
1358960
1358960
1358960
1358960
1358960
1358960
1358960
1358960
1358960
1358960
1358960
1358960
1358960
1358960
1358960
1358960
1358960
1358960
1358960
1358960
1358960
1358960
1360830
1360830
1360830
1360830
1360830
1360830
1360830
1360830
1360830
1360830
1360830
1360830
1360830
1360830
1360830
1360830
1360830
1360830
1360830
1360830
1360830
1360830
1360830
1360830
1360830
1360830
1360830
1360830
1360830
1360830
1360830
1360830
1360830
1360830
1360830
1360830
1360830
1360830
1360830
1360830
1360830
1360830
1360830
1360830
1360830
1360830
1360830
1360830
1360830
1360830
1360830
1360830
1360830
1360830
1360830
1360830
1360830
1445460
1445460
1445460
1445460
1451420
